0.0100000 3
1 0.0001379
2 0.0000008
3 0.0000001
0.0200000 3
1 0.0002158
2 0.0000030
3 0.0000002
0.0300000 4
1 0.0002778
2 0.0000092
3 0.0000008
4 0.0000001
0.0400000 4
1 0.0004138
2 0.0000213
3 0.0000020
4 0.0000002
0.0500000 5
1 0.0005858
2 0.0000456
3 0.0000052
4 0.0000005
5 0.0000000
0.0600000 5
1 0.0010418
2 0.0001137
3 0.0000134
4 0.0000017
5 0.0000002
0.0700000 7
1 0.0019740
2 0.0002912
3 0.0000379
4 0.0000059
5 0.0000004
6 0.0000001
7 0.0000000
0.0800000 8
1 0.0034634
2 0.0006344
3 0.0000872
4 0.0000150
5 0.0000014
6 0.0000002
7 0.0000000
8 0.0000000
0.0900000 8
1 0.0055679
2 0.0012471
3 0.0001861
4 0.0000365
5 0.0000043
6 0.0000007
7 0.0000001
8 0.0000000
0.1000000 8
1 0.0076713
2 0.0020465
3 0.0003193
4 0.0000759
5 0.0000096
6 0.0000016
7 0.0000002
8 0.0000000
0.1100000 9
1 0.0097994
2 0.0030731
3 0.0005071
4 0.0001396
5 0.0000202
6 0.0000035
7 0.0000005
8 0.0000000
9 0.0000000
0.1200000 9
1 0.0119835
2 0.0043402
3 0.0007534
4 0.0002327
5 0.0000342
6 0.0000082
7 0.0000013
8 0.0000002
9 0.0000000
0.1300000 10
1 0.0140056
2 0.0058585
3 0.0010547
4 0.0003734
5 0.0000618
6 0.0000162
7 0.0000022
8 0.0000006
9 0.0000000
10 0.0000000
0.1400000 10
1 0.0157048
2 0.0074887
3 0.0013930
4 0.0005637
5 0.0000978
6 0.0000285
7 0.0000053
8 0.0000017
9 0.0000003
10 0.0000001
0.1500000 10
1 0.0170292
2 0.0092892
3 0.0017769
4 0.0008225
5 0.0001485
6 0.0000522
7 0.0000106
8 0.0000026
9 0.0000004
10 0.0000001
0.1600000 13
1 0.0179684
2 0.0111826
3 0.0021830
4 0.0011421
5 0.0002171
6 0.0000852
7 0.0000167
8 0.0000060
9 0.0000010
10 0.0000004
11 0.0000001
12 0.0000001
13 0.0000000
0.1700000 12
1 0.0184105
2 0.0131573
3 0.0026146
4 0.0015520
5 0.0003067
6 0.0001367
7 0.0000279
8 0.0000111
9 0.0000027
10 0.0000008
11 0.0000002
12 0.0000001
0.1800000 14
1 0.0182504
2 0.0151220
3 0.0030031
4 0.0020787
5 0.0004219
6 0.0002200
7 0.0000482
8 0.0000218
9 0.0000047
10 0.0000023
11 0.0000006
12 0.0000002
13 0.0000001
14 0.0000000
0.1900000 14
1 0.0173547
2 0.0169429
3 0.0033229
4 0.0027037
5 0.0005560
6 0.0003407
7 0.0000764
8 0.0000405
9 0.0000097